-29.000000 0.000773
-28.000000 0.003027
-27.000000 0.007054
-26.000000 0.007626
-25.000000 0.007456
-24.000000 0.007898
-23.000000 0.008558
-22.000000 0.007778
-21.000000 0.005942
-20.000000 0.004390
-19.000000 0.005392
-18.000000 0.005355
-17.000000 0.006403
-16.000000 0.005516
-15.000000 0.005476
-14.000000 0.006949
-13.000000 0.004737
-12.000000 0.005532
-11.000000 0.003983
-10.000000 0.004533
-9.000000 0.004773
-8.000000 0.003605
-7.000000 0.004293
-6.000000 0.005924
-5.000000 0.004616
-4.000000 0.006277
-3.000000 0.006109
-2.000000 0.005248
-1.000000 0.006051
0.000000 0.022370
1.000000 0.029878
2.000000 0.032128
3.000000 0.029398
4.000000 0.029243
5.000000 0.028023
6.000000 0.025843
7.000000 0.026871
8.000000 0.026407
9.000000 0.024743
10.000000 0.024686
11.000000 0.025673
12.000000 0.024940
13.000000 0.024757
14.000000 0.025617
15.000000 0.026005
16.000000 0.025313
17.000000 0.025987
18.000000 0.025380
19.000000 0.025492
20.000000 0.025510
21.000000 0.026215
22.000000 0.026435
23.000000 0.027905
24.000000 0.028324
25.000000 0.027229
26.000000 0.025680
27.000000 0.026083
28.000000 0.026983
29.000000 0.026724
30.000000 0.025438
