-29.000000 -0.000173
-28.000000 0.000506
-27.000000 0.001276
-26.000000 0.003498
-25.000000 0.003391
-24.000000 0.003097
-23.000000 0.002433
-22.000000 0.002398
-21.000000 0.002627
-20.000000 0.001437
-19.000000 0.002325
-18.000000 0.001459
-17.000000 0.000369
-16.000000 -0.001434
-15.000000 -0.001555
-14.000000 0.000687
-13.000000 -0.001016
-12.000000 -0.001604
-11.000000 -0.002906
-10.000000 -0.002381
-9.000000 -0.001236
-8.000000 -0.002494
-7.000000 -0.002353
-6.000000 -0.003376
-5.000000 -0.002738
-4.000000 -0.003163
-3.000000 -0.003075
-2.000000 -0.003775
-1.000000 -0.002823
0.000000 0.000484
1.000000 0.003327
2.000000 0.003653
3.000000 0.004270
4.000000 0.002110
5.000000 0.002293
6.000000 0.003031
7.000000 0.002807
8.000000 0.002772
9.000000 0.000640
10.000000 0.000942
11.000000 0.001050
12.000000 0.001381
13.000000 0.001571
14.000000 0.001151
15.000000 0.000469
16.000000 0.001726
17.000000 0.000896
18.000000 0.001782
19.000000 0.001359
20.000000 -0.000068
21.000000 -0.000697
22.000000 -0.000818
23.000000 -0.000889
24.000000 -0.000719
25.000000 -0.001124
26.000000 -0.002823
27.000000 -0.003512
28.000000 -0.003639
29.000000 -0.003234
30.000000 -0.002623
