-29.000000 -0.002669
-28.000000 -0.001846
-27.000000 0.000081
-26.000000 -0.000662
-25.000000 -0.000263
-24.000000 -0.001262
-23.000000 -0.002653
-22.000000 -0.004487
-21.000000 -0.005818
-20.000000 -0.007268
-19.000000 -0.008812
-18.000000 -0.009532
-17.000000 -0.008898
-16.000000 -0.011141
-15.000000 -0.012335
-14.000000 -0.013488
-13.000000 -0.013215
-12.000000 -0.013821
-11.000000 -0.014866
-10.000000 -0.014473
-9.000000 -0.013711
-8.000000 -0.010928
-7.000000 -0.010244
-6.000000 -0.010498
-5.000000 -0.011183
-4.000000 -0.010635
-3.000000 -0.010026
-2.000000 -0.008938
-1.000000 -0.008264
0.000000 -0.020101
1.000000 -0.024947
2.000000 -0.026308
3.000000 -0.025660
4.000000 -0.026620
5.000000 -0.028574
6.000000 -0.030054
7.000000 -0.032043
8.000000 -0.033987
9.000000 -0.033671
10.000000 -0.034338
11.000000 -0.034185
12.000000 -0.034236
13.000000 -0.033627
14.000000 -0.036128
15.000000 -0.036599
16.000000 -0.037217
17.000000 -0.037620
18.000000 -0.038508
19.000000 -0.039043
20.000000 -0.038961
21.000000 -0.038012
22.000000 -0.037267
23.000000 -0.035930
24.000000 -0.038007
25.000000 -0.038211
26.000000 -0.038169
27.000000 -0.037364
28.000000 -0.038916
29.000000 -0.038572
30.000000 -0.039538
